%YAML:1.0
---
R: !!opencv-matrix
   rows: 3
   cols: 3
   dt: d
   data: [ 9.9991238599728105e-01, -1.3231593813242098e-02,
       -3.8112253380048338e-04, 1.3232719302586231e-02,
       9.9990757673187591e-01, 3.1197971162403846e-03,
       3.3980742098852612e-04, -3.1245670658370333e-03,
       9.9999506079358602e-01 ]
T: !!opencv-matrix
   rows: 3
   cols: 1
   dt: d
   data: [ -1.0228705007683455e+02, -6.1437779062090392e-01,
       -3.2006969089828847e+00 ]
Rl: !!opencv-matrix
   rows: 3
   cols: 3
   dt: d
   data: [ 9.9949527319302489e-01, -7.3197977626901665e-03,
       3.0913094725595405e-02, 7.2747131898534658e-03,
       9.9997230542260829e-01, 1.5706482098294223e-03,
       -3.0923735427753393e-02, -1.3449715636341152e-03,
       9.9952084202316027e-01 ]
Rr: !!opencv-matrix
   rows: 3
   cols: 3
   dt: d
   data: [ 9.9949277432524342e-01, 6.0033617351388452e-03,
       3.1275449149531342e-02, -5.9577501561501947e-03,
       9.9998104905551155e-01, -1.5513680786699638e-03,
       -3.1284169873991255e-02, 1.3642498728951770e-03,
       9.9950959952247553e-01 ]
Pl: !!opencv-matrix
   rows: 3
   cols: 4
   dt: d
   data: [ 9.4396441281506691e+02, 0., 5.7742679595947266e+02, 0., 0.,
       9.4396441281506691e+02, 4.2907574081420898e+02, 0., 0., 0., 1.,
       0. ]
Pr: !!opencv-matrix
   rows: 3
   cols: 4
   dt: d
   data: [ 9.4396441281506691e+02, 0., 5.7742679595947266e+02,
       -9.6604335363553648e+04, 0., 9.4396441281506691e+02,
       4.2907574081420898e+02, 0., 0., 0., 1., 0. ]
Q: !!opencv-matrix
   rows: 4
   cols: 4
   dt: d
   data: [ 1., 0., 0., -5.7742679595947266e+02, 0., 1., 0.,
       -4.2907574081420898e+02, 0., 0., 0., 9.4396441281506691e+02, 0.,
       0., 9.7714497932481059e-03, 0. ]