%YAML:1.0
---
cameraMatrixL: !!opencv-matrix
   rows: 3
   cols: 3
   dt: d
   data: [ 9.4630251231763236e+02, 0., 6.2734286090432772e+02, 0.,
       9.4581481582914273e+02, 4.2986639089929514e+02, 0., 0., 1. ]
cameraDistcoeffL: !!opencv-matrix
   rows: 5
   cols: 1
   dt: d
   data: [ 3.5525440589282038e-02, -4.4805575472013680e-03,
       8.5167562055990422e-04, -1.2210832810221187e-03,
       -7.6457207522475326e-02 ]
cameraMatrixR: !!opencv-matrix
   rows: 3
   cols: 3
   dt: d
   data: [ 9.4356240055246428e+02, 0., 6.1327058259667592e+02, 0.,
       9.4211400980099120e+02, 4.2711860640871555e+02, 0., 0., 1. ]
cameraDistcoeffR: !!opencv-matrix
   rows: 5
   cols: 1
   dt: d
   data: [ 7.6315822913172224e-02, -1.8831648979837334e-01,
       -4.5783285516841750e-04, -1.7321362246420478e-05,
       2.0725831429397570e-01 ]
